# unix_time, cycles_done, cur_path, paths_total, pending_total, pending_favs, map_size, unique_crashes, unique_hangs, max_depth, execs_per_sec, valid_inputs, invalid_inputs, valid_cov, all_covered_probes, valid_covered_probes
1713184208, 0, 0, 1, 0, 0, 0.02%, 0, 0, 0, 1.21, 1, 0, 0.02%, 13, 13
1713184209, 0, 0, 7, 0, 0, 0.03%, 0, 0, 0, 290.00, 88, 0, 0.03%, 22, 22
1713184209, 0, 0, 7, 0, 0, 0.03%, 0, 0, 0, 886.67, 354, 0, 0.03%, 22, 22
1713184209, 0, 0, 7, 0, 0, 0.03%, 0, 0, 0, 706.67, 566, 0, 0.03%, 22, 22
1713184210, 0, 1, 7, 0, 0, 0.03%, 0, 0, 0, 816.67, 811, 0, 0.03%, 22, 22
1713184210, 0, 1, 7, 0, 0, 0.03%, 0, 0, 0, 900.00, 1081, 0, 0.03%, 22, 22
1713184210, 0, 2, 7, 0, 0, 0.03%, 0, 0, 0, 873.33, 1343, 0, 0.03%, 22, 22
1713184210, 0, 2, 7, 0, 0, 0.03%, 0, 0, 0, 873.33, 1605, 0, 0.03%, 22, 22
1713184211, 0, 3, 7, 0, 0, 0.03%, 0, 0, 0, 856.67, 1862, 0, 0.03%, 22, 22
1713184211, 0, 3, 7, 0, 0, 0.03%, 0, 0, 0, 840.00, 2114, 0, 0.03%, 22, 22
1713184211, 0, 3, 7, 0, 0, 0.03%, 0, 0, 0, 847.18, 2369, 0, 0.03%, 22, 22
1713184212, 0, 4, 7, 0, 0, 0.03%, 0, 0, 0, 830.00, 2618, 0, 0.03%, 22, 22
1713184212, 0, 4, 7, 0, 0, 0.03%, 0, 0, 0, 853.33, 2874, 0, 0.03%, 22, 22
1713184212, 0, 5, 7, 0, 0, 0.03%, 0, 0, 0, 847.18, 3129, 0, 0.03%, 22, 22
1713184213, 0, 6, 7, 0, 0, 0.03%, 0, 0, 0, 840.00, 3381, 0, 0.03%, 22, 22
1713184213, 0, 6, 7, 0, 0, 0.03%, 0, 0, 0, 903.33, 3652, 0, 0.03%, 22, 22
1713184213, 1, 0, 8, 0, 0, 0.03%, 0, 0, 0, 776.67, 3885, 0, 0.03%, 22, 22
1713184213, 1, 0, 8, 0, 0, 0.03%, 0, 0, 0, 877.08, 4149, 0, 0.03%, 22, 22
1713184214, 1, 1, 8, 0, 0, 0.03%, 0, 0, 0, 860.00, 4407, 0, 0.03%, 22, 22
1713184214, 1, 1, 8, 0, 0, 0.03%, 0, 0, 0, 870.00, 4668, 0, 0.03%, 22, 22
1713184214, 1, 1, 8, 0, 0, 0.03%, 0, 0, 0, 820.00, 4914, 0, 0.03%, 22, 22
1713184215, 1, 2, 8, 0, 0, 0.03%, 0, 0, 0, 900.33, 5185, 0, 0.03%, 22, 22
1713184215, 1, 2, 8, 0, 0, 0.03%, 0, 0, 0, 810.63, 5429, 0, 0.03%, 22, 22
1713184215, 1, 3, 8, 0, 0, 0.03%, 0, 0, 0, 843.33, 5682, 0, 0.03%, 22, 22
1713184216, 1, 3, 8, 0, 0, 0.03%, 0, 0, 0, 893.33, 5950, 0, 0.03%, 22, 22
1713184216, 1, 3, 8, 0, 0, 0.03%, 0, 0, 0, 887.04, 6217, 0, 0.03%, 22, 22
1713184216, 1, 4, 8, 0, 0, 0.03%, 0, 0, 0, 866.67, 6477, 0, 0.03%, 22, 22
1713184216, 1, 5, 8, 0, 0, 0.03%, 0, 0, 0, 973.33, 6769, 0, 0.03%, 22, 22
1713184217, 1, 5, 8, 0, 0, 0.03%, 0, 0, 0, 900.33, 7040, 0, 0.03%, 22, 22
1713184217, 1, 6, 8, 0, 0, 0.03%, 0, 0, 0, 796.67, 7279, 0, 0.03%, 22, 22
1713184217, 1, 6, 8, 0, 0, 0.03%, 0, 0, 0, 846.67, 7533, 0, 0.03%, 22, 22
1713184218, 2, 0, 8, 0, 0, 0.03%, 0, 0, 0, 826.67, 7781, 0, 0.03%, 22, 22
1713184218, 2, 0, 8, 0, 0, 0.03%, 0, 0, 0, 896.67, 8050, 0, 0.03%, 22, 22
1713184218, 2, 1, 8, 0, 0, 0.03%, 0, 0, 0, 850.50, 8306, 0, 0.03%, 22, 22
1713184219, 2, 1, 8, 0, 0, 0.03%, 0, 0, 0, 879.87, 8577, 0, 0.03%, 22, 22
1713184219, 2, 2, 8, 0, 0, 0.03%, 0, 0, 0, 943.33, 8860, 0, 0.03%, 22, 22
1713184219, 2, 2, 8, 0, 0, 0.03%, 0, 0, 0, 913.62, 9135, 0, 0.03%, 22, 22
1713184219, 2, 2, 8, 0, 0, 0.03%, 0, 0, 0, 1073.33, 9457, 0, 0.03%, 22, 22
1713184220, 2, 3, 8, 0, 0, 0.03%, 0, 0, 0, 966.67, 9747, 0, 0.03%, 22, 22
1713184220, 2, 3, 8, 0, 0, 0.03%, 0, 0, 0, 1113.33, 10081, 0, 0.03%, 22, 22
1713184220, 2, 4, 8, 0, 0, 0.03%, 0, 0, 0, 980.00, 10375, 0, 0.03%, 22, 22
1713184221, 2, 5, 8, 0, 0, 0.03%, 0, 0, 0, 1056.67, 10692, 0, 0.03%, 22, 22
1713184221, 2, 6, 8, 0, 0, 0.03%, 0, 0, 0, 1053.33, 11008, 0, 0.03%, 22, 22
1713184221, 2, 6, 8, 0, 0, 0.03%, 0, 0, 0, 1123.33, 11345, 0, 0.03%, 22, 22
1713184222, 3, 0, 8, 0, 0, 0.03%, 0, 0, 0, 893.33, 11613, 0, 0.03%, 22, 22
1713184222, 3, 0, 8, 0, 0, 0.03%, 0, 0, 0, 1113.33, 11947, 0, 0.03%, 22, 22
1713184222, 3, 1, 8, 0, 0, 0.03%, 0, 0, 0, 1043.19, 12261, 0, 0.03%, 22, 22
1713184222, 3, 1, 8, 0, 0, 0.03%, 0, 0, 0, 883.33, 12526, 0, 0.03%, 22, 22
1713184223, 3, 2, 8, 0, 0, 0.03%, 0, 0, 0, 846.67, 12780, 0, 0.03%, 22, 22
1713184223, 3, 2, 8, 0, 0, 0.03%, 0, 0, 0, 1006.67, 13082, 0, 0.03%, 22, 22
1713184223, 3, 3, 8, 0, 0, 0.03%, 0, 0, 0, 943.33, 13365, 0, 0.03%, 22, 22
1713184224, 3, 3, 8, 0, 0, 0.03%, 0, 0, 0, 936.67, 13646, 0, 0.03%, 22, 22
1713184224, 3, 4, 8, 0, 0, 0.03%, 0, 0, 0, 990.00, 13943, 0, 0.03%, 22, 22
1713184224, 3, 4, 8, 0, 0, 0.03%, 0, 0, 0, 923.33, 14220, 0, 0.03%, 22, 22
1713184225, 3, 5, 8, 0, 0, 0.03%, 0, 0, 0, 1096.67, 14549, 0, 0.03%, 22, 22
1713184225, 3, 6, 8, 0, 0, 0.03%, 0, 0, 0, 956.81, 14837, 0, 0.03%, 22, 22
1713184225, 3, 6, 8, 0, 0, 0.03%, 0, 0, 0, 960.00, 15125, 0, 0.03%, 22, 22
1713184225, 4, 0, 8, 0, 0, 0.03%, 0, 0, 0, 850.00, 15380, 0, 0.03%, 22, 22
1713184226, 4, 0, 8, 0, 0, 0.03%, 0, 0, 0, 910.00, 15653, 0, 0.03%, 22, 22
1713184226, 4, 1, 8, 0, 0, 0.03%, 0, 0, 0, 890.00, 15920, 0, 0.03%, 22, 22
1713184226, 4, 1, 8, 0, 0, 0.03%, 0, 0, 0, 900.00, 16190, 0, 0.03%, 22, 22
1713184227, 4, 2, 8, 0, 0, 0.03%, 0, 0, 0, 865.81, 16461, 0, 0.03%, 22, 22
1713184227, 4, 2, 8, 0, 0, 0.03%, 0, 0, 0, 946.67, 16745, 0, 0.03%, 22, 22
1713184227, 4, 2, 8, 0, 0, 0.03%, 0, 0, 0, 903.33, 17016, 0, 0.03%, 22, 22
1713184228, 4, 3, 8, 0, 0, 0.03%, 0, 0, 0, 900.00, 17286, 0, 0.03%, 22, 22
1713184228, 4, 3, 8, 0, 0, 0.03%, 0, 0, 0, 946.67, 17570, 0, 0.03%, 22, 22
1713184228, 4, 4, 8, 0, 0, 0.03%, 0, 0, 0, 943.33, 17853, 0, 0.03%, 22, 22
1713184228, 4, 4, 8, 0, 0, 0.03%, 0, 0, 0, 943.33, 18136, 0, 0.03%, 22, 22
1713184229, 4, 5, 8, 0, 0, 0.03%, 0, 0, 0, 900.00, 18406, 0, 0.03%, 22, 22
1713184229, 4, 6, 8, 0, 0, 0.03%, 0, 0, 0, 881.97, 18675, 0, 0.03%, 22, 22
1713184229, 4, 6, 8, 0, 0, 0.03%, 0, 0, 0, 956.67, 18962, 0, 0.03%, 22, 22
1713184230, 5, 0, 8, 0, 0, 0.03%, 0, 0, 0, 946.84, 19247, 0, 0.03%, 22, 22
1713184230, 5, 0, 8, 0, 0, 0.03%, 0, 0, 0, 876.67, 19510, 0, 0.03%, 22, 22
1713184230, 5, 1, 8, 0, 0, 0.03%, 0, 0, 0, 863.33, 19769, 0, 0.03%, 22, 22
1713184231, 5, 1, 8, 0, 0, 0.03%, 0, 0, 0, 866.67, 20029, 0, 0.03%, 22, 22
1713184231, 5, 2, 8, 0, 0, 0.03%, 0, 0, 0, 903.33, 20300, 0, 0.03%, 22, 22
1713184231, 5, 2, 8, 0, 0, 0.03%, 0, 0, 0, 980.00, 20594, 0, 0.03%, 22, 22
