317 0 9
672 0 10
181 0 16
370 0 18
317 0 22
222 0 24
347 0 27
695 0 28
884 0 30
654 0 35
289 0 40
882 0 49
518 0 50
918 0 59
149 0 67
948 0 70
712 0 71
619 0 73
450 0 79
45 0 95
376 0 98
891 0 102
905 0 106
318 0 120
785 0 122
314 0 127
924 0 128
354 0 130
580 0 131
219 0 133
664 0 134
962 0 134
239 0 137
45 0 140
84 0 143
509 0 144
2 0 144
14 0 146
700 0 151
730 0 151
884 0 158
75 0 159
391 0 160
990 0 160
376 0 163
370 0 163
493 0 177
709 0 177
527 0 180
527 0 193
857 0 194
28 0 194
205 0 195
667 0 196
915 0 198
706 0 207
984 0 211
99 0 218
133 0 219
930 0 227
466 0 231
667 0 231
556 0 246
704 0 248
704 0 249
667 0 251
5 0 252
120 0 256
505 0 256
937 0 261
349 0 269
451 0 269
560 0 276
4 0 279
822 0 288
855 0 290
152 0 291
75 0 293
748 0 293
751 0 302
518 0 305
936 0 313
885 0 317
54 0 321
667 0 338
807 0 344
494 0 345
133 0 368
382 0 376
141 0 377
31 0 382
747 0 390
483 0 391
939 0 394
868 0 394
533 0 402
706 0 405
666 0 409
133 0 409
160 0 422
414 0 425
268 0 427
518 0 429
66 0 452
599 0 461
304 0 470
494 0 481
102 0 485
991 0 485
527 0 487
745 0 487
621 0 490
166 0 495
414 0 498
470 0 501
444 0 504
41 0 505
11 0 508
175 0 508
311 0 516
941 0 517
278 0 518
884 0 522
792 0 522
385 0 522
848 0 524
509 0 539
434 0 541
550 0 545
361 0 548
518 0 563
901 0 564
68 0 573
211 0 583
221 0 589
826 0 596
764 0 600
760 0 602
82 0 604
975 0 612
836 0 621
700 0 625
682 0 627
408 0 629
678 0 632
980 0 638
69 0 641
518 0 650
654 0 651
509 0 653
340 0 663
8 0 670
318 0 673
667 0 674
142 0 678
352 0 696
216 0 696
518 0 697
431 0 697
518 0 703
13 0 710
720 0 712
855 0 716
265 0 723
124 0 725
241 0 735
133 0 738
315 0 753
594 0 753
448 0 758
316 0 761
701 0 762
370 0 762
480 0 765
485 0 765
864 0 769
45 0 772
635 0 788
941 0 808
258 0 808
972 0 812
18 0 813
854 0 815
258 0 822
536 0 826
285 0 833
889 0 833
414 0 849
706 0 857
43 0 858
855 0 869
405 0 872
795 0 874
743 0 879
294 0 879
861 0 890
764 0 892
16 0 904
199 0 919
414 0 920
780 0 932
900 0 938
714 0 948
800 0 951
951 0 951
667 0 953
430 0 967
414 0 972
519 0 991
266 0 991
518 0 994
287 1 1008
396 1 1008
291 1 1010
791 1 1019
470 1 1021
412 1 1021
150 1 1023
858 1 1023
383 1 1025
326 1 1026
739 1 1032
43 1 1033
693 1 1039
745 1 1041
790 1 1052
454 1 1055
548 1 1067
665 1 1067
705 1 1067
212 1 1068
779 1 1069
156 1 1074
475 1 1079
946 1 1090
754 1 1110
928 1 1129
40 1 1148
527 1 1152
973 1 1160
175 1 1169
71 1 1169
852 1 1170
636 1 1172
860 1 1177
228 1 1181
433 1 1181
468 1 1181
535 1 1193
871 1 1201
460 1 1202
116 1 1206
604 1 1208
224 1 1212
188 1 1216
146 1 1216
734 1 1232
925 1 1238
442 1 1239
970 1 1245
374 1 1247
469 1 1252
46 1 1252
617 1 1253
550 1 1272
512 1 1273
23 1 1281
108 1 1298
561 1 1306
772 1 1310
476 1 1324
226 1 1327
982 1 1327
435 1 1339
410 1 1341
976 1 1342
972 1 1342
77 1 1343
565 1 1346
180 1 1354
267 1 1356
443 1 1362
987 1 1362
567 1 1376
963 1 1376
603 1 1381
355 1 1385
54 1 1385
276 1 1400
619 1 1416
389 1 1431
746 1 1442
580 1 1448
954 1 1448
213 1 1455
103 1 1455
945 1 1463
934 1 1467
506 1 1471
877 1 1476
602 1 1477
386 1 1488
837 1 1490
26 1 1491
248 1 1495
240 1 1500
39 1 1522
652 1 1526
537 1 1531
153 1 1534
255 1 1539
385 1 1544
321 1 1549
451 1 1553
434 1 1554
106 1 1560
801 1 1566
309 1 1571
245 1 1572
956 1 1572
607 1 1573
508 1 1573
325 1 1584
273 1 1594
848 1 1595
787 1 1599
384 1 1605
644 1 1608
225 1 1612
48 1 1614
768 1 1622
53 1 1630
205 1 1655
888 1 1658
232 1 1667
682 1 1670
197 1 1671
18 1 1672
621 1 1673
88 1 1683
29 1 1700
123 1 1703
541 1 1705
341 1 1712
949 1 1713
845 1 1715
230 1 1719
369 1 1737
536 1 1739
151 1 1741
259 1 1754
710 1 1757
12 1 1760
147 1 1766
344 1 1767
500 1 1794
135 1 1796
120 1 1801
647 1 1807
922 1 1818
532 1 1819
577 1 1828
85 1 1839
814 1 1840
747 1 1843
753 1 1848
265 1 1858
596 1 1865
834 1 1867
992 1 1867
802 1 1871
573 1 1871
124 1 1875
195 1 1890
853 1 1911
334 1 1912
630 1 1913
943 1 1931
179 1 1938
887 1 1944
220 1 1945
367 1 1963
738 1 1965
650 1 1977
58 1 1992
560 1 1998
