395 0 19
304 0 19
26 0 23
426 0 32
53 0 32
196 0 33
310 0 39
172 0 46
360 0 47
313 0 49
458 0 50
227 0 54
466 0 68
460 0 91
164 0 95
379 0 95
296 0 103
453 0 111
357 0 111
120 0 111
85 0 121
360 0 124
232 0 126
452 0 129
6 0 136
28 0 136
106 0 140
278 0 145
103 0 148
311 0 151
442 0 167
106 0 168
149 0 174
284 0 175
383 0 175
246 0 191
293 0 196
9 0 206
427 0 208
125 0 211
269 0 217
369 0 217
345 0 218
67 0 221
323 0 224
90 0 224
293 0 232
425 0 235
446 0 239
66 0 246
426 0 250
466 0 257
310 0 258
422 0 261
368 0 273
79 0 273
481 0 275
104 0 279
492 0 301
310 0 301
466 0 305
53 0 306
127 0 315
327 0 315
314 0 316
340 0 323
470 0 328
490 0 328
53 0 330
274 0 334
30 0 334
377 0 335
378 0 341
185 0 348
1 0 350
412 0 353
310 0 360
189 0 362
31 0 373
21 0 375
280 0 382
89 0 386
466 0 389
298 0 389
310 0 389
310 0 392
422 0 392
73 0 395
466 0 397
466 0 398
354 0 405
365 0 411
180 0 420
228 0 420
89 0 423
440 0 423
301 0 425
283 0 437
482 0 440
175 0 440
378 0 447
328 0 452
69 0 459
294 0 466
120 0 475
158 0 483
194 0 487
138 0 487
104 0 495
307 1 501
441 1 502
18 1 509
424 1 510
49 1 523
246 1 525
14 1 526
22 1 536
222 1 536
152 1 538
387 1 550
65 1 551
74 1 560
498 1 564
151 1 565
47 1 566
422 1 569
262 1 577
92 1 577
317 1 584
117 1 586
127 1 604
380 1 605
435 1 610
11 1 611
400 1 613
86 1 613
149 1 618
493 1 638
416 1 639
384 1 655
102 1 656
449 1 677
41 1 677
399 1 680
81 1 685
268 1 688
265 1 691
93 1 691
204 1 695
85 1 698
125 1 698
495 1 709
329 1 711
264 1 711
402 1 726
359 1 740
71 1 742
418 1 746
243 1 749
439 1 756
233 1 758
217 1 779
167 1 787
138 1 791
288 1 795
496 1 801
280 1 807
260 1 808
419 1 811
440 1 820
330 1 822
391 1 831
343 1 834
178 1 858
120 1 871
105 1 881
463 1 882
428 1 889
61 1 889
368 1 902
164 1 902
64 1 910
302 1 932
316 1 940
289 1 944
403 1 944
134 1 949
90 1 950
443 1 956
290 1 963
52 1 964
357 1 964
314 1 967
308 1 968
355 1 974
176 1 977
413 1 977
118 1 980
170 1 991
